1|1000007277
2|3
3|1000006609
4|1000007268
5|1000006800
6|1000006811
7|1000007288
8|1000005426
9|1000006957
10|1000007005
11|1000007264
12|1000006455
13|1000006765
14|1000006430
15|1000007477
16|1000006358
17|1000006264
18|1000006798
19|1000006224
20|1000006295
21|1000006252
22|1000000397
23|1000006441
24|1000007370
25|1000002241
26|1000006327
27|1000006195
28|1000006434
29|1000006447
30|1000006572
31|1000006304
32|1000006621
33|1000006653
34|1000006530
35|1000007066
36|1000006697
37|1000006428
38|1000007271
39|1000006184
40|1000006526
41|1000007471
42|1000006308
43|1000006807
44|1000007195
45|1000006350
46|1000006393
47|15
48|1000007495
49|1000006449
50|1000006332
51|1000006982
52|1000007467
53|1000004359
54|1000006644
55|1000007446
56|1000007399
57|1000006630
58|1000006539
59|1000007257
60|1000007260
61|1000006950
62|1000006157
63|1000006256
64|1000006993
65|1\xef\xbc\x90
66|1000005830
67|1000007230
68|1000006497
69|1000000274
70|1000006916
71|1000002047
72|1000007422
73|1000006861
74|1000006827
75|1000007491
76|1000007432
77|1000006979
78|1000002233
79|1000006568
80|1000006578
81|1000006372
82|1000007300
83|1000006589
84|1000006319
85|1000007331
86|1000006771
87|1000007303
88|1000007093
89|1000007007
90|1000007481
91|1000006431
92|1000006751
93|1000006673
94|1000006698
95|1000006989
96|1000006482
97|1000006293
98|1000006645
99|1000007205
100|1000007191
101|1000006729
102|1000007373
103|1000006444
104|1000006891
105|1000004705
106|1000007412
107|1000006388
108|1000007390
109|1000006199
110|1000006460
111|1000007354
112|1000007490
113|1000003916
114|1000006583
115|1000006196
116|1000006930
117|1000004713
118|1000006513
119|1000007368
120|1000007063
121|1000006844
122|1000006690
123|1000000312
124|1000006963
125|1000006201
126|1000006525
127|1000006812
128|1000007156
129|1000006790
130|1\xef\xbc\x99
131|1000006600
132|1000007170
133|1000006543
134|1000006406
135|1000007011
136|1000006302
137|1000004695
138|1000007023
139|1000006566
140|\xef\xbc\x91
141|1000007036
142|1000006603
143|123
144|1000004728
145|1000007410
146|1000006335
147|1000006313
148|1000006973
149|1000006260
150|1000006515
151|1000006300
152|1000006511
153|1000006843
154|1000007112
155|1000006361
156|1000006155
157|1000006462
158|1000006876
159|1000007172
160|1000006503
161|1000006214
162|1000006194
163|1000006317
164|1000006233
165|1000006215
166|1000006550
167|1000006207
168|1000006186
169|1000007359
170|1000006733
171|1000006584
172|1000007187
173|1000006211
174|1000006331
175|1000004699
176|1000006265
177|1000004708
178|1000007280
179|1000006946
180|1000006467
181|1000006788
182|2
183|1000006719
184|1000006405
185|1000006294
186|1000006859
187|1000006527
188|1000006761
189|1000006881
190|1000006632
191|1000006782
192|1000006799
193|1000006890
194|1000007213
195|1000006833
196|1000006961
197|1000007483
198|1000007009
199|1000006463
200|1000007008
201|1000006940
202|1000006749
203|1000006382
204|1000006699
205|1000006557
206|1000006429
207|1000007328
208|1000006268
209|1000006553
210|1000006315
211|1000006744
212|1000006205
213|1000006343
214|1000000315
215|1000006367
216|1000006220
217|1000007269
218|1000006607
219|1000004697
220|1000000342
221|1000006221
222|1000006236
223|1000004703
224|1000007065
225|1000006942
226|1000006420
227|1000006854
228|1000007186
229|1000000316
230|1000006656
231|1000007345
232|1000006262
233|1000006269
234|1000006624
235|1000007493
236|1000006776
237|1000007475
238|1000006362
239|1000007203
240|1000007184
241|1000006831
242|1000006347
243|1000007322
244|1000007337
245|1000007261
246|1000006552
247|1000006737
248|1000006947
249|1000006972
250|1000007001
251|1000006284
252|1000007357
253|1000006735
254|1000001901
255|1000001654
256|1000006446
257|1000006146
258|1000006830
259|1000006931
260|1000006507
261|1000006742
262|1000006253
263|1000007012
264|1000007141
265|1000006536
266|1000006851
267|1000006338
268|1000001902
269|1000006037
270|1000007185
271|1000006820
272|1000007181
273|1000006159
274|1000006226
275|1000006969
276|1000002251
277|1000006620
278|1000006573
279|1000003445
280|1000007358
281|1000007082
282|1000007313
283|1000006787
284|1000006509
285|1000006329
286|1000007025
287|1000006941
288|1000007103
289|1000006325
290|1000000321
291|1000006801
292|1000006355
293|1000006375
294|1000007400
295|1000006959
296|1000006582
297|1000006911
298|1000007330
299|1000006193
300|1000006285
301|1000006618
302|1000007071
303|1000007083
304|1000007282
305|1000007473
306|1000007031
307|1000004701
308|1000006739
309|1000006210
310|1000006901
311|1000006282
312|1000007019
313|1000006860
314|1000004698
315|1000006248
316|1000007385
317|1000006389
318|1000006161
319|1000007166
320|1000007148
321|1000005325
322|1000007026
323|1000006520
324|1000006366
325|1000006488
326|1000006778
327|1000006365
328|1000006251
329|1000006883
330|1000006892
331|1000006342
332|1000004704
333|1000006610
334|1000006457
335|1000006797
336|1000006384
337|1000006370
338|1000006387
339|1000007224
340|1000006601
341|1000006239
342|1000006755
343|1000006121
344|1000002378
345|1000007469
346|1000006875
347|1000006976
348|1000006398
349|1000006554
350|1000006534
351|1000000304
352|1000006469
353|1000007123
354|1000000313
355|1000006590
356|1000006662
357|1000007338
358|1000007449
359|1000007403
360|1000006137
361|1000006351
362|1000007057
363|1000006664
364|1
365|1000007259
366|1000007183
367|1000006323
368|1000006148
369|1000004060
370|1000007416
371|1000006709
372|1000007147
373|1000007247
374|1000006510
375|1000006983
376|1000006504
377|1000006493
378|1000006225
379|1000007202
380|1000007415
381|1000006330
382|1000006305
383|1000006185
384|1000006585
385|1000006117
386|1000006212
387|1000006147
388|1000006817
389|1000004700
390|1000006433
391|1000006364
392|1000007227
393|1000006292
394|1000006588
395|1000007470
396|1000007138
397|1000006487
398|1000006209
399|1000006995
400|1000006348
401|1000006882
402|1000006337
403|1000006958
404|1000006263
405|1000006704
406|1000006622
407|1000006328
408|1000007121
409|1000003317
410|1000007041
411|1000007107
412|1000007344
413|1000007391
414|1000006728
415|1000006333
416|1000004719
417|1000007498
418|1000006895
419|1000006562
420|1000006556
421|1000007020
422|1000007040
423|1000006395
424|1000006794
425|1000007395
426|1000006819
427|1000006538
428|1000001900
429|1000007096
430|1000006237
431|1000006561
432|1000001069
433|1000006579
434|1000007038
435|1000006283
436|1000006514
437|1000006206
438|1000006203
439|1000007262
440|1000002053
441|1000006258
442|1000006250
443|1000006734
444|1000006928
445|1000001653
446|1000006804
447|1000006613
448|1000007169
449|1000006472
450|1000007070
451|1000007034
452|1000006102
453|1000007340
454|1000001903
455|1000006140
456|1000004062
457|1000000344
458|1000006198
459|1000006599
460|1000007350
461|1000006309
462|1000006230
463|1000006581
464|1000007054
465|1000006866
466|10000653
467|1000006160
468|1000006994
469|1000007463
470|1000006521
471|1000006456
472|1000007254
473|1000006544
474|1000006301
475|1000003318
476|1000006452
477|1000006344
478|1000001869
479|1000006324
480|1000006533
481|1000006122
482|1000002209
483|1000006289
484|1000006605
485|1000007231
486|1000006349
487|1000006437
488|1000007398
489|1000007002
490|1000007433
491|1000006563
492|1000006803
493|1000006127
494|1000006486
495|1000006847
496|1000006832
497|1000006691
498|1000006611
499|1000006505
500|1000007000
501|1000006103
502|1000006298
503|1000007061
504|1000007484
505|1000006440
506|1000006494
507|1000006904
508|1000004702
509|1000006287
510|1000004709
511|1000006288
512|1000007393
513|1000006346
514|1000006341
515|1000006352
516|1000006628
517|1000000348
518|1000007151
519|1000006363
520|1000006296
521|1000006694
522|1000006981
523|1000006278
524|1000006775
525|1000006495
526|1000000422
527|1000006978
528|1000006548
529|1000007482
530|1000006123
531|1000007126
532|1000006917
533|1000007015
534|1000006273
535|1000007199
536|1000006442
537|1000006949
538|1000007246
539|1000006416
540|1000006834
541|1000006614
542|1000007427
543|1000000391
544|1000006322
545|1000002376
546|1000005448
547|1000006529
548|1000006660
549|1000006546
550|1000006516
551|1000006619
552|1000007278
553|1000006133
554|1000006706
555|1000007346
556|1000007060
557|1000007120
558|1000006286
559|1000006208
560|1000006722
561|1000006974
562|1000007283
563|1000007272
564|1000006574
565|1000006277
566|1000000278
567|1000006666
568|1000007173
569|1000006255
570|1000007464
571|1000006101
572|1000007062
573|1000006419
574|14
575|1000006512
576|1000007347
577|1000007423
578|1000006657
579|1000006217
580|1000006986
581|1000002051
582|1000007380
583|1000007353
584|1000006453
585|1000007267
586|1000007258
587|1000006923
588|1000006651
589|1000006473
590|1000006141
592|1000002232
593|1000006877
594|1000006454
595|1000007487
596|1000006665
597|1000006281
598|1000006980
599|1000007397
600|1000006436
601|1000006303
602|1000007139
603|1000006468
604|1000006984
605|1000006340
606|1000006126
607|1000006873
608|1000006741
609|1000006392
610|1000000394
611|1000006115
612|1000006383

